Enter the number of minutes
Enter the output of machine A
Enter the output of machine B
The matrix is
0 0 0 0 0 0 0 0 0 0 0 
0 70 70 70 70 70 70 70 70 70 70 
0 70 119 119 119 119 119 119 119 119 119 
0 70 119 119 119 119 119 119 119 119 119 
0 70 119 119 121 121 121 121 121 121 121 
0 70 119 119 121 121 121 121 121 121 121 
0 70 119 119 121 121 178 178 178 178 178 
0 70 119 119 121 121 178 188 188 188 188 
0 70 119 119 121 121 178 188 188 188 188 
0 70 119 119 121 121 178 188 188 238 238 
0 70 119 119 121 121 178 188 188 238 338 
Optimal solution is 338
Composition is 100 50 0 10 57 0 2 0 49 70 
 Zero indicates the change of machine 
